0 0.3095703125 0.8274450231481482 0.2109375 0.20234375000000004
0 0.9619140625 0.7357494212962963 0.076171875 0.14956597222222223
0 0.7802734375 0.7247685185185185 0.08984375 0.08726851851851847
0 0.66015625 0.7490089699074074 0.072265625 0.09677372685185182
0 0.5966796875 0.740183738425926 0.04296875 0.07680844907407414
0 0.61328125 0.727242476851852 0.029296875 0.05512152777777768
0 0.5634765625 0.7377459490740741 0.01953125 0.02763310185185186
0 0.5458984375 0.7448423032407407 0.025390625 0.031626157407407485
0 0.7060546875 0.7180555555555556 0.025390625 0.031626157407407485
0 0.7236328125 0.7187717013888889 0.0234375 0.031597222222222276
0 0.6787109375 0.7174840856481481 0.01171875 0.017751736111111027