0 0.724609375 0.8154296875 0.1484375 0.1337890625
0 0.5517578125 0.771484375 0.037109375 0.0390625
0 0.455078125 0.765625 0.0302734375 0.056640625
0 0.5107421875 0.763671875 0.015625 0.025390625
0 0.4287109375 0.759765625 0.021484375 0.0517578125
0 0.27734375 0.767578125 0.0712890625 0.068359375
0 0.1806640625 0.7890625 0.125 0.1005859375
0 0.0654296875 0.830078125 0.130859375 0.2109375
0 0.322265625 0.767578125 0.041015625 0.0439453125
0 0.3505859375 0.7568359375 0.04296875 0.0546875
0 0.373046875 0.7607421875 0.0283203125 0.0341796875
0 0.38671875 0.7626953125 0.013671875 0.0263671875
0 0.404296875 0.7587890625 0.01953125 0.0244140625
0 0.5302734375 0.7685546875 0.0234375 0.04296875