0 0.5400173611111112 0.7504557291666667 0.05452835648148158 0.061328124999999956
0 0.5150318287037037 0.7371600115740741 0.04458912037037033 0.05532407407407414
0 0.4849609375 0.7307725694444445 0.02459490740740744 0.039409722222222276
0 0.46264467592592595 0.7262225115740741 0.012239583333333304 0.01775173611111125
0 0.44133391203703703 0.7206814236111112 0.010170717592592582 0.013816550925926041
0 0.3443648726851852 0.7318793402777778 0.038498263888888884 0.04742476851851851
0 0.3856119791666667 0.723459201388889 0.01229745370370372 0.01970486111111125
0 0.36886574074074074 0.728587962962963 0.01620370370370372 0.019762731481481666
0 0.30300202546296295 0.7442057291666666 0.05447048611111116 0.05937500000000018
0 0.2556640625 0.7605251736111112 0.08451967592592591 0.08519965277777786
0 0.1545066550925926 0.7483579282407407 0.11014178240740741 0.09338831018518512
0 0.24038628472222223 0.7490379050925926 0.0625144675925926 0.06730324074074079
0 0.4197916666666667 0.7229528356481482 0.00614872685185186 0.009852430555555625