0 0.5585865162037037 0.7613787615740741 0.07485532407407414 0.08978587962962958
0 0.48907696759259256 0.7415364583333334 0.027589699074074048 0.03462094907407409
0 0.5125651041666667 0.7471571180555556 0.03548900462962967 0.046744791666666785
0 0.36399016203703705 0.7362991898148148 0.05153356481481475 0.10419560185185173
0 0.30645978009259256 0.7510054976851852 0.0888454861111112 0.13346354166666652
0 0.3874927662037037 0.7438729745370369 0.029716435185185186 0.05815972222222232
0 0.4031177662037037 0.7430627893518518 0.017853009259259256 0.03802083333333339
0 0.4743851273148148 0.7364366319444444 0.01381655092592593 0.020240162037036935
0 0.4187065972222222 0.7373697916666666 0.01772280092592593 0.020442708333333393
0 0.43823061342592595 0.7353804976851852 0.007928240740740833 0.01603009259259247
0 0.4587456597222222 0.7352936921296296 0.01186342592592593 0.02013888888888893
0 0.12530381944444444 0.8258535879629629 0.2404803240740741 0.30923032407407414