0 0.1589988425925926 0.8973090277777778 0.29837962962962966 0.20532407407407405
0 0.3217447916666667 0.8502025462962963 0.14953703703703702 0.14953703703703702
0 0.40458622685185186 0.8271267361111111 0.10231481481481475 0.10231481481481475
0 0.44752604166666665 0.8229021990740741 0.05526620370370372 0.07853009259259247
0 0.5147786458333333 0.8048249421296296 0.02372685185185186 0.03923611111111103
0 0.8292607060185185 0.8064019097222223 0.07481192129629632 0.08062789351851851
0 0.7061414930555556 0.7975477430555555 0.021715856481481666 0.03140914351851842
0 0.5303819444444444 0.8017795138888888 0.01579861111111125 0.023553240740740833
0 0.9647424768518518 0.8043981481481481 0.07051504629629646 0.09626736111111112
0 0.903515625 0.8107349537037037 0.0708043981481481 0.0669270833333333
0 0.7491391782407407 0.8011357060185185 0.027575231481481444 0.03145254629629646
0 0.7921585648148148 0.8076533564814815 0.04133391203703707 0.043272569444444464