0 0.8603515625 0.87890625 0.279296875 0.2421875
0 0.7041015625 0.8056640625 0.1337890625 0.1337890625
0 0.6279296875 0.7861328125 0.091796875 0.091796875
0 0.5888671875 0.783203125 0.0478515625 0.0703125
0 0.5263671875 0.7685546875 0.0205078125 0.03515625
0 0.2392578125 0.77734375 0.0673828125 0.0712890625
0 0.3505859375 0.7666015625 0.0205078125 0.0283203125
0 0.51171875 0.765625 0.0146484375 0.0205078125
0 0.1015625 0.779296875 0.087890625 0.0859375
0 0.03515625 0.7861328125 0.0703125 0.095703125
0 0.1708984375 0.7822265625 0.0625 0.0595703125
0 0.3125 0.76953125 0.0244140625 0.029296875
0 0.2734375 0.77734375 0.0361328125 0.0390625