0 0.8010344328703703 0.8449363425925926 0.17071759259259256 0.1449508101851853
0 0.6129918981481481 0.7953269675925926 0.04224537037037024 0.04354745370370372
0 0.5099464699074074 0.7869719328703704 0.03573495370370372 0.06100983796296289
0 0.5694444444444444 0.7868778935185186 0.0176504629629628 0.027575231481481666
0 0.48119212962962965 0.7806929976851852 0.02748842592592593 0.055034722222222276
0 0.3207103587962963 0.7870949074074074 0.08166956018518512 0.07534722222222223
0 0.21893084490740738 0.8089988425925926 0.14076967592592593 0.1093894675925926
0 0.11559606481481483 0.8494140625 0.12225115740740744 0.2281249999999999
0 0.3685619212962963 0.7878038194444444 0.04644097222222232 0.04751157407407414
0 0.39796730324074076 0.7765335648148148 0.05121527777777779 0.05928819444444455
0 0.42169415509259256 0.7807870370370371 0.03399884259259256 0.03757233796296289
0 0.4364872685185185 0.782957175925926 0.01765046296296302 0.027575231481481444
0 0.45475260416666663 0.7793258101851852 0.02155671296296302 0.02763310185185186
0 0.5903139467592593 0.792064525462963 0.02886284722222232 0.04725115740740726