0 0.61328125 0.7807291666666667 0.1919270833333333 0.13587962962962963
0 0.4251953125 0.7568576388888889 0.08125000000000004 0.1098668981481481
0 0.48274739583333337 0.7690104166666667 0.05859375 0.061834490740740655
0 0.5274739583333333 0.7546875 0.05104166666666665 0.06527777777777777
0 0.30878906250000004 0.766673900462963 0.025911458333333304 0.038498263888889106
0 0.012858072916666668 0.8136863425925926 0.025716145833333336 0.09354745370370354
0 0.0027343750000000007 0.8186342592592593 0.005468750000000001 0.10882523148148149
0 0.024804687500000002 0.7805844907407407 0.0328125 0.025289351851851993
0 0.13704427083333331 0.7749059606481481 0.02604166666666663 0.040451388888889106
0 0.10397135416666667 0.7749204282407407 0.021093750000000022 0.02459490740740744
0 0.07571614583333333 0.7756221064814814 0.020833333333333315 0.02068865740740744
0 0.15423177083333334 0.7651331018518519 0.04843750000000002 0.026215277777777768
0 0.09785156249999999 0.7645833333333334 0.06848958333333333 0.03518518518518521