0 0.337890625 0.80078125 0.1669921875 0.11328125
0 0.5126953125 0.7685546875 0.068359375 0.095703125
0 0.458984375 0.783203125 0.0517578125 0.0546875
0 0.4189453125 0.7724609375 0.04296875 0.056640625
0 0.619140625 0.771484375 0.0205078125 0.0341796875
0 0.908203125 0.7978515625 0.056640625 0.0830078125
0 0.94140625 0.802734375 0.083984375 0.095703125
0 0.8798828125 0.76953125 0.0302734375 0.0224609375
0 0.7763671875 0.7705078125 0.0205078125 0.03515625
0 0.8076171875 0.767578125 0.017578125 0.021484375
0 0.8330078125 0.7666015625 0.017578125 0.01953125
0 0.7607421875 0.7626953125 0.04296875 0.0224609375
0 0.8134765625 0.7578125 0.0595703125 0.029296875