0 0.6474609375 0.8795355902777777 0.18359375 0.1304398148148147
0 0.4599609375 0.8349175347222222 0.076171875 0.10772569444444446
0 0.517578125 0.8532262731481481 0.056640625 0.060271990740740744
0 0.560546875 0.8437572337962963 0.048828125 0.0619936342592593
0 0.3447265625 0.8324797453703703 0.0234375 0.03780381944444455
0 0.033203125 0.8466869212962963 0.0625 0.09364872685185177
0 0.021484375 0.8492693865740741 0.04296875 0.10478877314814827
0 0.0634765625 0.816333912037037 0.033203125 0.02637442129629619
0 0.1748046875 0.822562210648148 0.0234375 0.03975694444444455
0 0.1416015625 0.8196252893518519 0.01953125 0.02401620370370372
0 0.1142578125 0.8168619791666667 0.01953125 0.02206307870370372
0 0.19140625 0.8162181712962963 0.046875 0.026779513888888884
0 0.1357421875 0.8087094907407407 0.064453125 0.03511284722222219