0 0.568359375 0.7744140625 0.064453125 0.0751953125
0 0.5029296875 0.7587890625 0.0224609375 0.0302734375
0 0.5244140625 0.7626953125 0.029296875 0.0390625
0 0.3876953125 0.7548828125 0.041015625 0.0908203125
0 0.3349609375 0.7705078125 0.0732421875 0.1142578125
0 0.4091796875 0.7626953125 0.0234375 0.0517578125
0 0.423828125 0.7607421875 0.0146484375 0.0322265625
0 0.4892578125 0.75390625 0.01171875 0.0185546875
0 0.4375 0.755859375 0.0146484375 0.0166015625
0 0.4560546875 0.7529296875 0.0048828125 0.0126953125
0 0.474609375 0.75390625 0.0087890625 0.017578125
0 0.1376953125 0.857421875 0.2744140625 0.2841796875