0 0.75390625 0.833984375 0.298828125 0.287109375
0 0.5810546875 0.7900390625 0.0947265625 0.12109375
0 0.5126953125 0.767578125 0.041015625 0.0546875
0 0.4951171875 0.7568359375 0.02734375 0.0419921875
0 0.474609375 0.75 0.017578125 0.0234375
0 0.4208984375 0.75 0.0234375 0.0302734375
0 0.34765625 0.7734375 0.052734375 0.0693359375
0 0.3271484375 0.7841796875 0.04296875 0.08203125
0 0.2724609375 0.7939453125 0.1005859375 0.1220703125
0 0.1904296875 0.8369140625 0.1494140625 0.16796875
0 0.072265625 0.861328125 0.14453125 0.27734375