0 0.34868344907407406 0.8037037037037037 0.05425347222222221 0.058969907407407485
0 0.3748842592592593 0.78984375 0.044256365740740655 0.054991319444444464
0 0.4056206597222222 0.7818070023148148 0.02575231481481477 0.03923611111111103
0 0.4283709490740741 0.7767578125000001 0.012760416666666718 0.017664930555555625
0 0.4492259837962963 0.7707465277777779 0.010575810185185164 0.013744212962962798
0 0.545384837962963 0.7788194444444444 0.03793402777777777 0.04713541666666665
0 0.5048321759259259 0.771310763888889 0.01287615740740744 0.019618055555555625
0 0.5221788194444444 0.7750868055555555 0.01678240740740744 0.019646990740740833
0 0.5867983217592592 0.7882740162037036 0.05620659722222232 0.05898437500000009
0 0.6337818287037037 0.8025679976851852 0.08505497685185182 0.08457754629629632
0 0.7352936921296296 0.7861979166666666 0.11079282407407387 0.09062500000000018
0 0.6500434027777777 0.7917100694444444 0.06448206018518521 0.06685474537037028
0 0.47162905092592594 0.771556712962963 0.00643807870370372 0.00980902777777759