0 0.7974898726851851 0.9208116319444444 0.18734085648148158 0.15837673611111125
0 0.6061125578703703 0.8514033564814816 0.04769965277777777 0.049537037037036935
0 0.49874131944444444 0.8294704861111111 0.04299768518518521 0.06872106481481488
0 0.561472800925926 0.8370804398148148 0.02126736111111116 0.03045428240740744
0 0.4708188657407407 0.8180844907407407 0.03276909722222221 0.06032986111111116
0 0.30158420138888886 0.8031901041666667 0.0907986111111112 0.08712384259259265
0 0.19307725694444444 0.8113570601851852 0.1557291666666667 0.1318431712962962
0 0.0974464699074074 0.8397497106481482 0.11017071759259259 0.24981192129629637
0 0.3507016782407407 0.8109664351851852 0.051953125000000044 0.0556278935185186
0 0.3822916666666667 0.8021339699074074 0.056553819444444375 0.06757812500000004
0 0.4081452546296296 0.811451099537037 0.03758680555555549 0.043098958333333215
0 0.4229673032407407 0.8152488425925926 0.01942997685185177 0.03229166666666661
0 0.4423249421296296 0.8134765625 0.02517361111111116 0.030685763888888884
0 0.5823857060185185 0.8451316550925926 0.034259259259259434 0.05263310185185177