0 0.736451099537037 0.8873263888888889 0.3578559027777777 0.22534722222222214
0 0.5464265046296296 0.8837673611111111 0.1205729166666667 0.14230324074074074
0 0.47172309027777776 0.854318576388889 0.052170138888888884 0.06517650462962976
0 0.45382667824074074 0.8413483796296296 0.03573495370370372 0.049320023148148096
0 0.43284866898148144 0.8312644675925926 0.022902199074074092 0.027662037037036846
0 0.3724537037037037 0.8274377893518519 0.029166666666666563 0.03556134259259247
0 0.28833188657407405 0.8476924189814814 0.06870659722222228 0.08298611111111098
0 0.2642867476851852 0.8590639467592592 0.057595486111111094 0.09453124999999996
0 0.20143229166666665 0.8649739583333333 0.12653356481481481 0.14434317129629637
0 0.10488281249999999 0.8987268518518519 0.18509837962962963 0.18229166666666674
0 0.03381076388888889 0.8738425925925926 0.06762152777777777 0.21252893518518512