0 0.5751953125 0.779296875 0.044921875 0.0517578125
0 0.552734375 0.7666015625 0.037109375 0.0478515625
0 0.5263671875 0.759765625 0.01953125 0.03515625
0 0.505859375 0.75390625 0.0107421875 0.015625
0 0.4873046875 0.7490234375 0.0087890625 0.01171875
0 0.4013671875 0.7548828125 0.03125 0.041015625
0 0.4375 0.7490234375 0.0107421875 0.017578125
0 0.421875 0.7529296875 0.0126953125 0.017578125
0 0.36328125 0.763671875 0.0458984375 0.0517578125
0 0.3212890625 0.7763671875 0.0703125 0.0732421875
0 0.23046875 0.7607421875 0.0927734375 0.0791015625
0 0.306640625 0.765625 0.052734375 0.056640625
0 0.4677734375 0.75 0.0048828125 0.0087890625