0 0.5611038773148148 0.7624565972222221 0.010575810185185164 0.01388888888888884
0 0.6169994212962964 0.7675998263888889 0.012644675925925775 0.015885416666666652
0 0.6258463541666667 0.7687717013888888 0.010807291666666607 0.01779513888888884
0 0.6388310185185185 0.7739366319444444 0.012760416666666607 0.017838541666666652
0 0.6593967013888888 0.7753689236111111 0.012644675925925775 0.015885416666666652
0 0.6466435185185185 0.7741102430555555 0.01287615740740744 0.019791666666666652
0 0.6514684606481482 0.7732421875 0.008854166666666607 0.01775173611111125
0 0.6215350115740741 0.7618489583333333 0.01482928240740744 0.019835069444444464
0 0.5933304398148148 0.7631727430555555 0.00839120370370372 0.00993923611111125
0 0.6032118055555555 0.7653428819444444 0.008506944444444553 0.011892361111111027
0 0.7597077546296296 0.8058810763888888 0.12494212962962958 0.13346354166666652
0 0.8671079282407408 0.8524305555555556 0.2657841435185184 0.29513888888888884