0 0.2514322916666667 0.8112413194444444 0.18910590277777772 0.1733506944444445
0 0.9028862847222223 0.828587962962963 0.12877604166666679 0.13255208333333335
0 0.7051866319444444 0.7885054976851852 0.07938368055555545 0.07452256944444446
0 0.5896484375 0.7919270833333334 0.06232638888888875 0.08572048611111116
0 0.5327690972222222 0.7736183449074074 0.03624131944444442 0.06934317129629619
0 0.548828125 0.7643156828703703 0.02170138888888884 0.04940682870370372
0 0.5008463541666667 0.7658275462962962 0.016753472222222232 0.025853587962962887
0 0.4850043402777778 0.7702473958333333 0.022699652777777746 0.027980324074074137
0 0.637521701388889 0.7708550347222223 0.022699652777777857 0.027980324074074137
0 0.6530164930555555 0.7742476851851852 0.020746527777777857 0.02792245370370372
0 0.6123914930555556 0.7642433449074074 0.008506944444444553 0.015856481481481444