0 0.4920138888888889 0.8040364583333334 0.014366319444444442 0.0161313657407407
0 0.5501953125 0.8188657407407407 0.016406249999999956 0.01815682870370372
0 0.5600911458333333 0.8221571180555556 0.01258680555555558 0.01996527777777768
0 0.5731336805555556 0.8304398148148149 0.01649305555555558 0.02010995370370372
0 0.5947916666666666 0.8351417824074074 0.016493055555555358 0.02010995370370372
0 0.5819227430555556 0.8307653356481481 0.016666666666666607 0.02401620370370372
0 0.5868489583333334 0.8319227430555556 0.014626736111110983 0.0219907407407407
0 0.555837673611111 0.8141999421296297 0.018619791666666607 0.02408854166666674
0 0.5254340277777778 0.8101490162037037 0.010286458333333304 0.01208043981481488
0 0.5373263888888888 0.8144892939814814 0.012413194444444553 0.01605902777777768
0 0.6975043402777779 0.88671875 0.15360243055555545 0.16558159722222232
0 0.8233506944444444 0.8873336226851851 0.35329861111111116 0.22533275462962976