0 0.4755859375 0.75 0.009765625 0.013671875
0 0.4208984375 0.7529296875 0.01171875 0.0146484375
0 0.412109375 0.75390625 0.0087890625 0.017578125
0 0.400390625 0.759765625 0.0126953125 0.017578125
0 0.3798828125 0.7607421875 0.0126953125 0.015625
0 0.392578125 0.7587890625 0.0107421875 0.01953125
0 0.3876953125 0.7578125 0.0087890625 0.017578125
0 0.416015625 0.748046875 0.0126953125 0.0185546875
0 0.4443359375 0.75 0.0078125 0.009765625
0 0.43359375 0.751953125 0.0087890625 0.0126953125
0 0.2822265625 0.7880859375 0.1142578125 0.12890625
0 0.1513671875 0.8447265625 0.302734375 0.310546875