0 0.7275390625 0.7978515625 0.171875 0.158203125
0 0.0791015625 0.8095703125 0.158203125 0.123046875
0 0.291015625 0.7705078125 0.072265625 0.0693359375
0 0.40234375 0.7744140625 0.0546875 0.080078125
0 0.4580078125 0.7578125 0.0302734375 0.064453125
0 0.4423828125 0.7490234375 0.01953125 0.046875
0 0.48828125 0.751953125 0.0146484375 0.0234375
0 0.50390625 0.7548828125 0.0205078125 0.0263671875
0 0.357421875 0.75390625 0.01953125 0.0263671875
0 0.341796875 0.7568359375 0.0185546875 0.0263671875
0 0.380859375 0.7490234375 0.0078125 0.015625