0 0.45384837962962965 0.7677734375 0.07651909722222228 0.08524305555555545
0 0.5216507523148148 0.7539930555555555 0.027112268518518556 0.03433159722222223
0 0.49929108796296295 0.7569444444444444 0.035431134259259256 0.04444444444444429
0 0.6411458333333333 0.7555338541666666 0.055743634259259434 0.09796006944444446
0 0.6949435763888889 0.7736979166666667 0.0923177083333333 0.12686631944444438
0 0.6189887152777778 0.7623914930555555 0.032132523148148184 0.05598958333333348
0 0.6032118055555555 0.76015625 0.019401041666666785 0.035937499999999956
0 0.5370732060185186 0.7493923611111111 0.0146846064814814 0.02013888888888893
0 0.5891854745370371 0.7539279513888889 0.018489583333333393 0.018359374999999956
0 0.5704282407407408 0.7508463541666667 0.006568287037036935 0.013932291666666652
0 0.5517722800925926 0.7497178819444444 0.010677083333333393 0.01801215277777768
0 0.8671006944444444 0.8378472222222222 0.26579861111111125 0.2625000000000002