0 0.8623914930555556 0.9261140046296297 0.27521701388888875 0.14777199074074066
0 0.732298900462963 0.9031539351851852 0.17051504629629632 0.1669126157407408
0 0.6535300925925926 0.8696180555555555 0.11504629629629637 0.11261574074074066
0 0.6120081018518518 0.8586371527777779 0.06675347222222228 0.083883101851852
0 0.5482421875000001 0.8323712384259259 0.02947048611111125 0.041825810185185386
0 0.24085648148148148 0.790111400462963 0.08648726851851851 0.08836805555555571
0 0.3612268518518519 0.7985532407407407 0.027112268518518556 0.03395543981481475
0 0.5313874421296296 0.8269965277777778 0.018793402777777857 0.023958333333333304
0 0.09438657407407408 0.7672453703703703 0.11083622685185185 0.10664062499999982
0 0.05326967592592593 0.7640769675925926 0.0330150462962963 0.11018518518518516
0 0.16833767361111113 0.7830873842592593 0.07796585648148147 0.07446469907407405
0 0.32005931712962965 0.7944082754629629 0.033072916666666674 0.036082175925925775
0 0.2772424768518519 0.7960648148148148 0.04735243055555549 0.04820601851851847