0 0.7846498842592593 0.8251953125 0.3446759259259258 0.326171875
0 0.600513599537037 0.7958984375 0.1133535879629628 0.13671875
0 0.5265407986111111 0.779296875 0.04972511574074079 0.060546875
0 0.5061776620370371 0.76953125 0.03389756944444455 0.046875
0 0.4847945601851852 0.7626953125 0.021889467592592582 0.02734375
0 0.4290436921296297 0.7685546875 0.027835648148148096 0.033203125
0 0.3533854166666667 0.7998046875 0.06365740740740744 0.078125
0 0.3316984953703703 0.8134765625 0.05406539351851847 0.08984375
0 0.2758174189814815 0.828125 0.11921296296296291 0.13671875
0 0.19299045138888887 0.8818359375 0.17468171296296298 0.189453125
0 0.0826244212962963 0.8828125 0.1519097222222222 0.234375